0,1,612
0,2,242
0,3,860
0,4,608
0,5,23
0,6,752
0,7,35
0,8,805
0,9,327
0,10,258
0,11,916
0,12,900
1,0,612
1,2,575
1,3,467
1,4,595
1,5,58
1,6,440
1,7,742
1,8,877
1,9,472
1,10,922
1,11,490
1,12,857
2,0,242
2,1,575
2,3,114
2,4,146
2,5,833
2,6,859
2,7,667
2,8,579
2,9,77
2,10,401
2,11,660
2,12,27
3,0,860
3,1,467
3,2,114
3,4,878
3,5,657
3,6,790
3,7,805
3,8,995
3,9,148
3,10,746
3,11,156
3,12,863
4,0,608
4,1,595
4,2,146
4,3,878
4,5,891
4,6,117
4,7,414
4,8,516
4,9,708
4,10,13
4,11,143
4,12,600
5,0,23
5,1,58
5,2,833
5,3,657
5,4,891
5,6,285
5,7,533
5,8,885
5,9,386
5,10,572
5,11,93
5,12,651
6,0,752
6,1,440
6,2,859
6,3,790
6,4,117
6,5,285
6,7,789
6,8,811
6,9,853
6,10,482
6,11,377
6,12,816
7,0,35
7,1,742
7,2,667
7,3,805
7,4,414
7,5,533
7,6,789
7,8,157
7,9,638
7,10,772
7,11,674
7,12,654
8,0,805
8,1,877
8,2,579
8,3,995
8,4,516
8,5,885
8,6,811
8,7,157
8,9,243
8,10,169
8,11,286
8,12,561
9,0,327
9,1,472
9,2,77
9,3,148
9,4,708
9,5,386
9,6,853
9,7,638
9,8,243
9,10,211
9,11,166
9,12,805
10,0,258
10,1,922
10,2,401
10,3,746
10,4,13
10,5,572
10,6,482
10,7,772
10,8,169
10,9,211
10,11,53
10,12,330
11,0,916
11,1,490
11,2,660
11,3,156
11,4,143
11,5,93
11,6,377
11,7,674
11,8,286
11,9,166
11,10,53
11,12,239
12,0,900
12,1,857
12,2,27
12,3,863
12,4,600
12,5,651
12,6,816
12,7,654
12,8,561
12,9,805
12,10,330
12,11,239
